7.642520519607557183e+00
5.623503713528445580e+00
3.287908819373666969e+00
2.222810759169961958e+00
1.654421431681202703e+00
1.148041462446075522e+00
9.678283220388976815e-01
7.937015590112094232e-01
6.864620053184100623e-01
5.720213233811169973e-01
1.735887084996655394e-01
9.708328612091736420e-02
6.360051467079766430e-02
4.741352069592217472e-02
3.838112450604557607e-02
3.582976818224310744e-02
3.219366779910837195e-02
2.726412629797234435e-02
2.249908715286415978e-02
9.175733159043700238e-03
5.485263945942913180e-03
3.904837457248060140e-03
3.111606657786318304e-03
2.713739099157442408e-03
2.784626828821837666e-03
2.682170987222592083e-03
2.330558167065755262e-03
2.147618616751826703e-03
