4.577900787235006597e+00
2.913484909330203099e+00
1.802503172765893558e+00
1.213978709287140356e+00
8.876874558401853799e-01
6.756043336089623264e-01
5.403631477745198808e-01
4.460192354859598418e-01
3.750175750661553509e-01
3.186588629584424792e-01
1.043884682352004684e-01
5.661544980273643113e-02
3.755230458022595225e-02
2.804136031211604263e-02
2.266403496415626828e-02
1.932671669789872218e-02
1.669683237990631647e-02
1.442519271558324878e-02
1.252101290943025309e-02
5.101448843487485334e-03
3.133583211817502021e-03
2.299098550149168262e-03
1.884560669715059419e-03
1.668967889509498760e-03
1.540725336589826707e-03
1.422835966536869319e-03
1.308465310802063965e-03
1.210087431787686867e-03
