3.476706214521402050e+00
2.052172984409884382e+00
1.299589401340202288e+00
8.934039482959404976e-01
6.583888748672366287e-01
5.087368598857552326e-01
4.078429695360366036e-01
3.361034170652139608e-01
2.826081542848536410e-01
2.412876017659907057e-01
8.227053464621483791e-02
4.456121605784042761e-02
2.950557024436704229e-02
2.187921290266597180e-02
1.740847820426193876e-02
1.446222256387253574e-02
1.231144204050201897e-02
1.064065936688332603e-02
9.307434603353733141e-03
3.869027453414051673e-03
2.414593083887397931e-03
1.798289357545129795e-03
1.481845979650413389e-03
1.294033516609561976e-03
1.163357417771755404e-03
1.058987530028880760e-03
9.701817599204814405e-04
8.929802586207472460e-04
