2.828445243644673202e+00
1.602083070696778355e+00
1.027799701589971360e+00
7.178385460709030275e-01
5.341778404347103937e-01
4.160154350458563632e-01
3.351192316182046160e-01
2.769801918576205169e-01
2.335439479126805995e-01
2.000854320027910249e-01
7.007651395204957112e-02
3.809049772012840229e-02
2.515834684771853236e-02
1.852435000137931873e-02
1.458051598825626551e-02
1.197583581700532342e-02
1.011833601972303778e-02
8.721530099229921063e-03
7.633261070427315581e-03
3.217408022236734316e-03
2.029393907430462364e-03
1.522014085064948927e-03
1.251103860750366536e-03
1.081004255906232179e-03
9.595292138554590384e-04
8.645047238391401993e-04
7.858450741056474762e-04
7.184449496254487460e-04
